959 4
835 4
886 4
894 4
729 4
822 4
721 4
747 4
650 4
595 4
580 4
536 4
591 4
479 4
504 4
490 4
470 4
407 4
407 4
340 4
370 4
370 4
355 4
380 4
263 4
258 4
233 4
212 4
258 4
232 4
207 4
183 4
211 4
211 4
211 4
211 4
211 4
211 4
186 4
186 4
171 4
186 4
186 4
186 4
186 4
186 4
158 4
186 4
171 4
158 4
938 4
835 4
886 4
894 4
729 4
822 4
721 4
747 4
650 4
595 4
580 4
536 4
591 4
479 4
504 4
490 4
470 4
407 4
407 4
340 4
370 4
370 4
355 4
380 4
263 4
258 4
233 4
212 4
258 4
232 4
207 4
183 4
211 4
211 4
211 4
211 4
211 4
211 4
186 4
186 4
171 4
186 4
186 4
186 4
186 4
186 4
158 4
186 4
171 4
158 4
938 4
835 4
886 4
894 4
729 4
822 4
721 4
747 4
650 4
595 4
580 4
536 4
591 4
479 4
504 4
490 4
470 4
407 4
407 4
340 4
370 4
370 4
355 4
380 4
263 4
258 4
233 4
212 4
258 4
232 4
207 4
183 4
211 4
211 4
211 4
211 4
211 4
211 4
186 4
186 4
171 4
186 4
186 4
186 4
186 4
186 4
158 4
186 4
171 4
158 4
938 4
835 4
886 4
894 4
729 4
822 4
721 4
747 4
650 4
595 4
580 4
536 4
591 4
479 4
504 4
490 4
470 4
407 4
407 4
340 4
370 4
370 4
355 4
380 4
263 4
258 4
233 4
212 4
258 4
232 4
207 4
183 4
211 4
211 4
211 4
211 4
211 4
211 4
186 4
186 4
171 4
186 4
186 4
186 4
186 4
186 4
158 4
186 4
171 4
158 4
938 4
835 4
886 4
894 4
729 4
822 4
721 4
747 4
650 4
595 4
580 4
536 4
591 4
479 4
504 4
490 4
470 4
407 4
407 4
340 4
370 4
370 4
355 4
380 4
263 4
258 4
233 4
212 4
258 4
232 4
207 4
183 4
211 4
211 4
211 4
211 4
211 4
211 4
186 4
186 4
171 4
186 4
186 4
186 4
186 4
186 4
158 4
186 4
171 4
158 4
938 4
835 4
886 4
894 4
729 4
822 4
721 4
747 4
650 4
595 4
580 4
536 4
591 4
479 4
504 4
490 4
470 4
407 4
407 4
340 4
370 4
370 4
355 4
380 4
263 4
258 4
233 4
212 4
258 4
232 4
207 4
183 4
211 4
211 4
211 4
211 4
211 4
211 4
186 4
186 4
171 4
186 4
186 4
186 4
186 4
186 4
158 4
186 4
171 4
158 4
938 4
835 4
886 4
894 4
729 4
822 4
721 4
747 4
650 4
595 4
580 4
536 4
591 4
479 4
504 4
490 4
470 4
407 4
407 4
340 4
370 4
370 4
355 4
380 4
263 4
258 4
233 4
212 4
258 4
232 4
207 4
183 4
211 4
211 4
211 4
211 4
211 4
211 4
186 4
186 4
171 4
186 4
186 4
186 4
186 4
186 4
158 4
186 4
171 4
158 4
938 4
835 4
886 4
894 4
729 4
822 4
721 4
747 4
650 4
595 4
580 4
536 4
591 4
479 4
504 4
490 4
470 4
407 4
407 4
340 4
370 4
370 4
355 4
380 4
263 4
258 4
233 4
212 4
258 4
232 4
207 4
183 4
211 4
211 4
211 4
211 4
211 4
211 4
186 4
186 4
171 4
186 4
186 4
186 4
186 4
186 4
158 4
186 4
171 4
158 4
938 4
835 4
886 4
894 4
729 4
822 4
721 4
747 4
650 4
595 4
580 4
536 4
591 4
479 4
504 4
490 4
470 4
407 4
407 4
340 4
370 4
370 4
355 4
380 4
263 4
258 4
233 4
212 4
258 4
232 4
207 4
183 4
211 4
211 4
211 4
211 4
211 4
211 4
186 4
186 4
171 4
186 4
186 4
186 4
186 4
186 4
158 4
186 4
171 4
158 4
938 4
835 4
886 4
894 4
729 4
822 4
721 4
747 4
650 4
595 4
580 4
536 4
591 4
479 4
504 4
490 4
470 4
407 4
407 4
340 4
370 4
370 4
355 4
380 4
263 4
258 4
233 4
212 4
258 4
232 4
207 4
183 4
211 4
211 4
211 4
211 4
211 4
211 4
186 4
186 4
171 4
186 4
186 4
186 4
186 4
186 4
158 4
186 4
171 4
158 4
938 4
835 4
886 4
894 4
729 4
822 4
721 4
747 4
650 4
595 4
580 4
536 4
591 4
479 4
504 4
490 4
470 4
407 4
407 4
340 4959 4
835 4
856 4
812 4
753 4
804 4
701 4
737 4
710 4
671 4
608 4
643 4
613 4
531 4
560 4
452 4
519 4
456 4
434 4
415 4
412 4
362 4
412 4
412 4
362 4
355 4
384 4
316 4
295 4
355 4
355 4
316 4
340 4
355 4
355 4
355 4
287 4
276 4
280 4
280 4
302 4
282 4
282 4
282 4
237 4
232 4
282 4
192 4
222 4
222 4
222 4
222 4
222 4
192 4
199 4
199 4
199 4
199 4
199 4
199 4
199 4
199 4
199 4
199 4
199 4
199 4
199 4
199 4
179 4
179 4
179 4
179 4
179 4
179 4
179 4
179 4
179 4
124 4
149 4
149 4
132 4
127 4
149 4
149 4
149 4
149 4
149 4
149 4
149 4
149 4
149 4
149 4
149 4
127 4
127 4
149 4
149 4
149 4
149 4
127 4
124 4
149 4
149959 4
835 4
701 5
657 5
340 6
372 6
251 6
181 6
195 6
239 6
195 6
165 6
139 6
139 6
139 6
139 6
54 6
89 6
54 6
54 6
54 6
54 6
54 6
54 6
54 6
938 4
835 4
701 5
657 5
340 6
372 6
251 6
181 6
195 6
239 6
195 6
165 6
139 6
139 6
139 6
109 6
119 6
119 6
119 6
119 6
104 6
104 6
104 6
63 6
69 6
89 6
89 6
63 6
89 6
89 6
89 6
89 6
89 6
89 6
89 6
89 6
89 6
89 6
89 6
89 6
89 6
89 6
89 6
89 6
89 6
69 6
69 6
69 6
69 6
69 6
69 6
69 6
69 6
69 6
69 6
69 6
69 6
938 4
835 4
701 5
657 5
340 6
372 6
251 6
181 6
195 6
239 6
195 6
165 6
139 6
139 6
139 6
109 6
119 6
119 6
119 6
119 6
104 6
104 6
104 6
63 6
69 6
89 6
89 6
89 6
89 6
89 6
89 6
89 6
89 6
89 6
89 6
89 6
89 6
89 6
89 6
89 6
89 6
63 6
89 6
89 6
89 6
89 6
89 6
63 6
89 6
89 6
89 6
89 6
63 6
63 6
63 6
63 6
938 4
835 4
701 5
657 5
340 6
372 6
251 6
181 6
195 6
239 6
195 6
165 6
139 6
139 6
139 6
109 6
119 6
119 6
119 6
119 6
104 6
104 6
104 6
63 6
69 6
89 6
89 6
89 6
89 6
89 6
89 6
89 6
89 6
89 6
89 6
89 6
89 6
89 6
89 6
89 6
89 6
63 6
89 6
89 6
89 6
89 6
89 6
63 6
89 6
89 6
89 6
89 6
63 6
63 6
63 6
63 6
938 4
835 4
701 5
657 5
340 6
372 6
251 6
181 6
195 6
239 6
195 6
165 6
139 6
139 6
139 6
109 6
119 6
119 6
119 6
119 6
104 6
104 6
104 6
63 6
69 6
89 6
89 6
89 6
89 6
89 6
89 6
89 6
89 6
89 6
89 6
89 6
89 6
89 6
89 6
89 6
89 6
63 6
89 6
89 6
89 6
89 6
89 6
63 6
89 6
89 6
89 6
89 6
63 6
63 6
63 6
63 6
938 4
835 4
701 5
657 5
340 6
372 6
251 6
181 6
195 6
239 6
195 6
165 6
139 6
139 6
139 6
109 6
119 6
119 6
119 6
119 6
104 6
104 6
104 6
63 6
69 6
89 6
89 6
89 6
89 6
89 6
89 6
89 6
89 6
89 6
89 6
89 6
89 6
89 6
89 6
89 6
89 6
63 6
89 6
89 6
89 6
89 6
89 6
63 6
89 6
89 6
89 6
89 6
63 6
63 6
63 6
63 6
938 4
835 4
701 5
657 5
340 6
372 6
251 6
181 6
195 6
239 6
195 6
165 6
139 6
139 6
139 6
109 6
119 6
119 6
119 6
119 6
104 6
104 6
104 6
63 6
69 6
89 6
89 6
89 6
89 6
89 6
89 6
89 6
89 6
89 6
89 6
89 6
89 6
89 6
89 6
89 6
89 6
63 6
89 6
89 6
89 6
89 6
89 6
63 6
89 6
89 6
89 6
89 6
63 6
63 6
63 6
63 6
938 4
835 4
701 5
657 5
340 6
372 6
251 6
181 6
195 6
239 6
195 6
165 6
139 6
139 6
139 6
109 6
119 6
119 6
119 6
119 6
104 6
104 6
104 6
63 6
69 6
89 6
89 6
89 6
89 6
89 6
89 6
89 6
89 6
89 6
89 6
89 6
89 6
89 6
89 6
89 6
89 6
63 6
89 6
89 6
89 6
89 6
89 6
63 6
89 6
89 6
89 6
89 6
63 6
63 6
63 6
63 6
938 4
835 4
701 5
657 5
340 6
372 6
251 6
181 6
195 6
239 6
195 6
165 6
139 6
139 6
139 6
109 6
119 6
119 6
119 6
119 6
104 6
104 6
104 6
63 6
69 6
89 6
89 6
89 6
89 6
89 6
89 6
89 6
89 6
89 6
89 6
89 6
89 6
89 6
89 6
89 6
89 6
63 6
89 6
89 6
89 6
89 6
89 6
63 6
89 6
89 6
89 6
89 6
63 6
63 6
63 6
63 6
938 4
835 4
701 5
657 5
340 6
372 6
251 6
181 6
195 6
239 6
195 6
165 6
139 6
139 6
139 6
109 6
119 6
119 6
119 6
119 6
104 6
104 6
104 6
63 6
69 6
89 6
89 6
89 6
89 6
89 6
89 6
89 6
89 6
89 6
89 6
89 6
89 6
89 6
89 6
89 6
89 6
63 6
89 6
89 6
89 6
89 6
89 6
63 6
89 6
89 6
89 6
89 6
63 6
63 6
63 6
63 6
938 4
835 4
701 5
657 5
340 6
372 6
251 6
181 6
195 6
239 6
195 6
165 6
139 6
139 6
139 6
109 6
119 6
119 6
119 6
119 6
104 6
104 6
104 6
63 6
69 6
89 6
89 6
89 6
89 6
89 6
89 6
89 6
89 6
89 6
89 6
89 6
89 6
89 6
89 6
89 6
89 6
63 6
89 6
89 6
89 6
89 6
89 6
63 6
89 6
89 6
89 6
89 6
63 6
63 6
63 6
63 6
938 4
835 4
701 5
657 5
340 6
372 6
251 6
181 6
195 6
239 6
195 6
165 6
139 6
139 6
139 6
109 6
119 6
119 6
119 6
119 6
104 6
104 6
104 6
63 6
69 6
89 6
89 6
89 6
89 6
89 6
89 6
89 6
89 6
89 6
89 6
89 6
89 6
89 6
89 6
89 6
89 6
63 6
89 6
89 6
89 6
89 6
89 6
63 6
89 6
89 6
89 6
89 6
63 6
63 6
63 6
63 6
938 4
835 4
701 5
657 5
340 6
372 6
251 6
181 6
195 6
239 6
195 6
165 6
139 6
139 6
139 6
109 6
119 6
119 6
119 6
119 6
104 6
104 6
104 6
63 6
69 6
89 6
89 6
89 6
89 6
89 6
89 6
89 6
89 6
89 6
89 6
89 6
89 6
89 6
89 6
89 6
89 6
63 6
89 6
89 6
89 6
89 6
89 6
63 6
89 6
89 6
89 6
89 6
63 6
63 6
63 6
63 6
938 4
835 4
701 5
657 5
340 6
372 6
251 6
181959 4
903 4
743 5
747 5
459 6
491 6
408 6
385 6
369 6
369 6
111 7
133 7
98 7
98 
29 7
41 7
41 7
41 7
41 7
32 7
32 7
947 4
903 4
743 5
747 5
459 6
491 6
408 6
385 6
369 6
369 6
111 7
133 7
98 7
98 
29 7
41 7
41 7
41 7
41 7
32 7
32 7
947 4
903 4
743 5
747 5
459 6
491 6
408 6
385 6
369 6
369 6
111 7
133 7
98 7
98 
29 7
41 7
41 7
41 7
41 7
32 7
32 7
959 4
903 4
743 5
747 5
459 6
491 6
408 6
385 6
369 6
369 6
111 7
133 7
98 7
98 
29 7
41 7
41 7
41 7
41 7
32 7
32 7
947 4
903 4
743 5
747 5
459 6
491 6
408 6
385 6
369 6
369 6
111 7
133 7
98 7
98 
29 7
41 7
41 7
41 7
41 7959 4
938 4
906 4
921 4
746 5
734 5
671 5
649 5
586 5
566 5
329 6
329 6
151 7
149 
947 4
903 4
876 4
859 4
810 4
825 4
772 4
820 4
747 4
777 4
718 4
731 4
740 4
706 4
684 4
715 4
664 4
677 4
654 4
669 4
627 4
611 4
576 4
527 4
525 4
486 4
501 4
474 4
504 4
456 4
454 4
472 4
487 4
478 4
455 4
433 4
419 4
368 4
385 4
368 4
361 4
356 4
342 4
318 4
299 4
284 4
261 4
256 4
239 4
254 4
284 4
284 4
269 4
269 4
260 4
269 4
269 4
259 4
269 4
257 4
219 4
242 4
191 4
191 4
184 4
170 4
193 4
168 4
183 4
171 4
148 4
162 4
139 4
153 4
153 4
153 4
153 4
153 4
153 4
153 4
130 4
153 4
153 4
144 4
153 4
144 4
153 4
153 4
118 4
947 4
903 4
876 4
859 4
813 4
828 4
832 4
836 4
806 4
831 4
775 4
773 4
753 4
740 4
695 4
722 4
675 4
723 4
689 4
703 5
498 5
528 5
434 5
355 5
371 5
143 6
164 6
102 6
95 6
113 6
104 6
90 6
108 6
79 6
69 6
60 6
79 6
60 6
51 6
51 6
70 6
60 6
51 6
70 6
70 6
60 6
947 4
938 4
906 4
921 4
840 4
855 4
853 4
859 4
833 4
844 4
782 4
777 4
757 4
744 4
703 4
718 4
657 4
696 4
666 4
681 5
481 5
498 5
435 5
377 5
393 5
64 7
70 7
44 7
44 7
31 7
31 7
20 7
20 7
20 7
20 7
20 
  Press
 MalProg 947 4
938 4
906 4
921 4
840 4
855 4
853 4
859 4
833 4
844 4
802 4
800 4
780 4
767 4
723 4
738 4
674 4
716 4
692 4
703 5
498 5
514 5
462 5
406 5
406 5
133 7
141 7
116 7
116 7
82 7
82 7
66 7
66 7
41 7
32 7
32 7
29 7
947 4
938 4
906 4
921 4
840 4
855 4
853 4
859 4
833 4
844 4
802 4
800 4
780 4
767 4
723 4
738 4
677 4
716 4
692 4
703 5
501 5
514 5
462 5
423 5
423 5
150 7
159 7
133 7
133 7
95 7
67 7
79 7
79 7
60 7
51 7
51 7
947 4
938 4
876 4
859 4
813 4
828 4
834 4
828 4
801 4
830 4
766 4
764 4
744 4
727 4
678 4
711 4
652 4
696 4
672 4
685 5
488 5
507 5
405 5
336 5
344 5
291 5
280 5
277 5
266 5
262 5
271 5
253 5
240 5
242 5
251 5
240 5
231 5
211 5
178 5
211 5
178 5
191 5
171 5
158 5
133 5
158 5
124 5
124 5
88 5
99 5
84 5
99 5
81 5
90 5
79 5
90 5
81 5
90 5
79 5
79 5
64 5
64 5
64 5
64 5
55 
947 4
938 4
906 4
921 4
709 5
697 5
634 5
612 5
549 5
529 5
292 6
297 6
263 6
258 
947 4
903 4
876 4
859 4
813 4
825 4
772 4
813 4
747 4
775 4
718 4
716 4
716 4
682 4
660 4
691 4
638 4
680 4
654 4
668 4
620 4
606 4
567 4
499 4
494 4
455 4
470 4
441 4
456 4
403 4
398 4
415 4
430 4
419 4
381 4
404 4
366 4
332 4
342 4
328 4
357 4
300 4
315 4
272 4
219 4
203 4
188 4
178 4
163 4
149 4
120 4
149 4
134 4
134 4
95 4
117 4
106 4
77 4
91 4
71 4
91 4
91 4
91 4
91 4
91 4
91 4
91 4
81 4
91 4
79 4
77 4
91 4
91 4
91 4
81 4
91 4
91 4
81 4
91 4
77 4
62 
947 4
903 4
876 4
859 4
810 4
825 4
772 4
820 4
747 4
777 4
718 4
731 4
740 4
706 4
684 4
715 4
664 4
677 4
654 4
669 4
627 4
611 4
576 4
527 4
525 4
486 4
501 4
474 4
504 4
456 4
454 4
472 4
487 4
478 4
455 4
433 4
419 4
368 4
385 4
368 4
361 4
356 4
342 4
318 4
299 4
284 4
304 4
285 4
268 4
283 4
281 4
313 4
298 4
298 4
289 4
298 4
298 4
288 4
298 4
285 4
248 4
271 4
220 4
220 4
213 4
199 4
200 4
177 4
190 4
177 4
154 4
168 4
145 4
168 4
168 4
168 4
168 4
168 4
168 4
168 4
168 4
145 4
145 4
136 4
145 4
136 4
145 4
145 4
947 4
938 4
906 4
921 4
840 4
855 4
853 4
859 4
833 4
844 4
782 4
777 4
757 4
744 4
703 4
718 4
657 4
696 4
666 4
681 5
481 5
498 5
435 5
377 5
393 5
64 7
70 7
81 7
81 7
48 7
48 7
37 7
37 7
37 7
31 7
26 7
947 4
903 4
876 4
859 4
813 4
828 4
832 4
846 4
783 4
813 4
752 4
750 4
728 4
717 4
672 4
699 4
652 4
695 4
666 4
680 5
472 5
499 5
408 5
316 5
332 5
101 6
125 6
66 6
52 6
52 6
67 6
41 6
41 6
30 6
20 6
30 6
30 6
947 4
903 4
876 4
859 4
813 4
828 4
834 4
847 4
779 4
809 4
748 4
746 4
730 4
713 4
688 4
721 4
668 4
716 4
684 4
697 5
494 5
516 5
423 5
343 5
343 5
118 6
138 6
125 6
118 6
138 6
129 6
107 6
124 6
91 6
82 6
42 6
64 6
42 6
42 6
35 6
55 6
42 6
33 6
55 6
55 6
42 6
13 6
35 6
35 6
947 4
938 4
876 4
859 4
813 4
828 4
834 4
828 4
801 4
830 4
766 4
764 4
744 4
727 4
678 4
711 4
652 4
696 4
672 4
685 5
476 5
507 5
406 5
322 5
330 5
181 6
199 6
138 6
131 6
149 6
140 6
122 6
140 6
111 6
102 6
62 6
82 6
62 6
53 6
53 6
73 6
42 6
31 6
42 6
42 6
32 6
947 4
938 4
906 4
921 4
840 4
855 4
853 4
859 4
833 4
844 4
782 4
777 4
757 4
744 4
703 4
718 4
657 4
696 4
666 4
681 5
481 5
498 5
435 5
377 5
393 5
64 7
70 7
81 7
81 7
48 7
48 7
37 7
37 7
37 7
31 7
26 7
947 4
903 4
876 4
859 4
813 4
828 4
834 4
847 4
779 4
809 4
748 4
746 4
730 4
710 4
688 4
721 4
668 4
716 4
684 4
696 4
649 4
635 4
598 4
530 4
528 4
486 4
501 4
470 4
483 4
430 4
425 4
442 4
408 4
448 4
408 4
439 4
399 4
365 4
382 4
316 4
343 4
286 4
301 4
218 4
205 4
187 4
184 4
167 4
157 4
140 4
140 4
140 4
125 4
125 4
86 4
108 4
98 4
98 4
85 4
67 4
85 4
85 4
85 4
85 4
85 4
85 4
85 4
75 4
85 4
65 4
65 4
85 4
65 4
63 4
77 4
65 4
65 4
33 4
43 4
43 4
43 4
43 4
43 4
43 4
43 4
43 4
43 4
33 4
947 4
903 4
876 4
859 4
813 4
828 4
834 4
847 4
779 4
809 4
748 4
746 4
724 4
713 4
688 4
721 4
668 4
716 4
684 4
696 5
499 5
519 5
426 5
334 5
350 5
125 6
143 6
132 6
125 6
118 6
133 6
95 6
113 6
84 6
74 6
31 6
53 6
38 6
27 
947 4
903 4
876 4
859 4
813 4
825 4
772 4
813 4
747 4
775 4
718 4
731 4
733 4
699 4
677 4
708 4
657 4
701 4
674 4
684 4
645 4
631 4
595 4
527 4
522 4
483 4
498 4
472 4
487 4
434 4
429 4
446 4
461 4
452 4
415 4
442 4
404 4
370 4
380 4
368 4
395 4
338 4
353 4
316 4
298 4
284 4
270 4
260 4
245 4
233 4
195 4
233 4
180 4
180 4
177 4
163 4
186 4
171 4
148 4
133 4
108 4
148 4
108 4
108 4
142 4
124 4
119 4
69 4
79 4
79 4
79 4
79 4
79 4
73 4
64 4
73 4
73 4
63 4
73 4
61 4
61 4
61 4
61 4
61 4
61 4
61 4
947 4
903 4
876 4
859 4
813 4
825 4
772 4
813 4
747 4
775 4
718 4
731 4
733 4
699 4
677 4
708 4
657 4
701 4
674 4
684 4
645 4
631 4
595 4
527 4
522 4
483 4
498 4
472 4
487 4
434 4
429 4
446 4
461 4
452 4
415 4
442 4
404 4
370 4
380 4
368 4
395 4
338 4
353 4
316 4
298 4
284 4
270 4
260 4
245 4
233 4
222 4
260 4
207 4
207 4
204 4
190 4
213 4
198 4
175 4
160 4
135 4
175 4
135 4
135 4
169 4
151 4
148 4
98 4
108 4
108 4
94 4
102 4
102 4
93 4
83 4
93 4
93 4
83 4
93 4
93 4
93 4
93 4
93 4
93 4
93 4
93 4
93 4
93 4
93 4
93 4
93 4
93 4
93 4
93 4
93 4
83 4
83 4
93 4
81 4
93 4
93 4
93 4
83 4
73 4
71 4
61 4
61 4
71 4
59 4
947 4
903 4
876 4
859 4
813 4
828 4
834 4
847 4
779 4
809 4
748 4
746 4
730 4
710 4
688 4
721 4
668 4
716 4
684 4
697 5
491 5
513 5
420 5
340 5
340 5
115 6
135 6
122 6
115 6
135 6
126 6
112 6
126 6
106 6
97 6
76 6
76 6
62 6
54 
959 4
938 4
906 4
921 4
746 5
734 5
671 5
649 5
586 5
566 5
329 6
329 6
151 7
947 4
903 4
876 4
859 4
810 4
825 4
772 4
820 4
747 4
777 4
718 4
731 4
740 4
706 4
684 4
715 4
664 4
677 4
654 4
669 4
627 4
611 4
576 4
527 4
525 4
486 4
501 4
474 4
504 4
456 4
454 4
472 4
487 4
478 4
455 4
433 4
419 4
368 4
385 4
368 4
361 4
356 4
342 4
318 4
299 4
284 4
261 4
256 4
239 4
254 4
284 4
284 4
269 4
269 4
260 4
269 4
269 4
259 4
269 4
257 4
219 4
242 4
191 4
191 4
184 4
170 4
193 4
168 4
183 4
171 4
148 4
162 4
139 4
153 4
153 4
153 4
153 4
153 4
153 4
153 4
130 4
153 4
153 4
144 4
153 4
144 4
153 4
153 4
118 4
947 4
903 4
876 4
859 4
813 4
828 4
832 4
836 4
806 4
831 4
775 4
773 4
753 4
740 4
695 4
722 4
675 4
723 4
689 4
703 5
498 5
528 5
434 5
355 5
371 5
143 6
164 6
102 6
95 6
113 6
104 6
90 6
108 6
79 6
69 6
60 6
79 6
60 6
51 6
51 6
70 6
60 6
51 6
70 6
70 6
60 6
947 4
938 4
906 4
921 4
840 4
855 4
853 4
859 4
833 4
844 4
782 4
777 4
757 4
744 4
703 4
718 4
657 4
696 4
666 4
681 5
481 5
498 5
435 5
377 5
393 5
64 7
70 7
44 7
44 7
31 7
31 7
20 7
20 7
20 7
20 7
938 4
906 4
921 4
840 4
855 4
853 4
859 4
833 4
844 4
802 4
800 4
780 4
767 4
723 4
738 4
674 4
716 4
692 4
703 5
498 5
514 5
462 5
406 5
406 5
133 7
141 7
116 7
116 7
82 7
82 7
66 7
66 7
41 7
32 7
32 7
29 7
947 4
938 4
906 4
921 4
840 4
855 4
853 4
859 4
833 4
844 4
802 4
800 4
780 4
767 4
723 4
738 4
677 4
716 4
692 4
703 5
501 5
959 4
938 4
733 5
728 5
760 5
730 5
681 5
641 5
714 5
676 5
626 5
642 5
610 5
622 5
441 6
429 7
200 7
208 7
138 7
136 7
165 7
160 7
158 7
158 7
158 7
158 7
158 7
108 7
108 7
101 7
97 7
54 7
63 7
82 7
78 7
59 7
78 7
97 7
97 7
49 7
49 7
63 7
63 7
25 7
25 7
25 7
44 7
25 7
20 7
20 7
25 7
25 7
44 7
44 7
36 7
36 7
44 7
44 7
33 
947 4
903 4
910 4
893 4
865 4
880 4
858 4
899 4
838 4
872 4
812 4
812 4
812 4
778 4
774 4
807 5
640 5
616 6
374 6
386 6
338 6
332 6
323 6
316 6
357 6
274 6
265 6
253 6
238 6
217 6
238 6
191 6
185 6
161 6
188 6
198 6
191 6
157 6
148 6
119 6
107 6
102 6
93 6
117 6
93 6
93 6
947 4
903 4
910 4
893 4
865 4
877 4
858 4
899 4
838 4
872 4
812 4
812 4
812 4
778 4
771 4
804 5
637 5
613 6
389 6
383 7
226 7
226 7
211 7
220 7
196 7
146 7
145 7
152 7
148 7
118 7
142 7
84 7
84 7
76 7
76 7
76 7
76 7
66 7
66 7
61 7
45 7
36 7
36 7
46 7
947 4
903 4
910 4
893 4
865 4
880 4
887 4
896 4
836 4
867 4
811 4
809 4
793 4
776 4
769 4
802 5
636 5
610 6
370 6
363 6
436 6
430 6
408 6
413 6
452 6
366 6
361 6
350 6
339 6
271 6
291 6
201 6
195 6
196 6
223 6
244 6
237 6
203 6
194 6
182 6
167 6
213 6
204 6
192 6
166 6
166 6
150 6
166 6
166 6
157 6
146 6
166 6
157 6
142 6
136 6
157 6
103 6
115 6
125 6
125 6
88 6
88 6
89 6
80 6
89 6
938 4
733 5
728 5
718 5
688 5
642 5
602 5
672 5
634 5
599 5
611 5
537 5
549 5
480 5
500 6
238 6
273 6
263 6
253 6
206 6
194 6
184 6
136 6
124 6
75 6
108 6
124 6
91 6
100 6
115 6
82 6
70 6
82 6
82 6
91 6
115 6
115 6
115 6
79 6
88 6
103 6
103 6
69 6
88 6
64 6
59 6
68 6
52 6
52 6
33 6
33 6
24 6
947 4
903 4
910 4
893 4
865 4
877 4
858 4
899 4
838 4
872 4
812 4
829 4
816 4
782 4
771 4
802 5
639 5
615 6
389 6
385 7
199 7
199 7
214 7
214 7
214 7
164 7
162 7
199 7
195 7
201 7
196 7
173 7
173 7
174 7
174 7
145 7
145 7
126 7
126 7
110 7
108 7
66 
46 7
114 7
114 7
114 7
94 7
94 7
78 7
78 7
78 7
78 
947 4
938 4
906 4
889 4
865 4
880 4
881 4
885 4
669 5
657 5
614 5
621 5
601 5
589 5
677 5
697 7
307 7
307 7
263 7
298 7
213 7
171 7
195 7
163 7
152 7
177 7
158 7
144 7
114 7
152 7
176 7
189 7
189 7
162 7
153 7
129 7
138 7
93 7
93 7
48 7
59 7
77 7
77 7
82 7
82 7
92 7
92 7
92 7
947 4
938 4
733 5
728 5
718 5
688 5
642 5
602 5
672 5
634 5
599 5
611 5
537 5
549 5
368 6
356 7
247 7
247 7
118 7
116 7
119 7
138 7
138 7
138 7
138 7
115 7
115 7
115 7
115 7
89 7
84 7
70 7
70 7
70 7
68 7
65 7
65 7
84 7
84 7
64 7
64 7
75 7
75 7
50 7
49 7
65 7
84 7
69 7
53 7
49 7
49 7
49 7
68 7
68 7
68 7
68 7
68 7
53 7
947 4
938 4
733 5
735 5
718 5
688 5
642 5
602 5
672 5
650 5
603 5
603 5
537 5
553 5
483 5
510 5
474 5
490 5
467 5
487 5
418 5
411 6
285 6
246 6
234 6
240 6
211 6
240 6
240 6
225 6
225 6
240 6
240 6
181 6
211 6
200 6
200 6
165 6
195 6
147 6
147 6
160 6
160 6
181 6
159 6
170 6
159 6
159 6
155 6
155 6
155 6
144 6
140 6
140 6
155 6
155 6
124 6
124 6
113 6
108 6
124 6
124 6
97 6
108 6
89 6
89 6
97 6
79 6
79 6
97 6
97 6
97 6
97 6
58 6
78 6
71 6
59 6
63 6
63 6
42 6
947 4
903 4
910 4
893 4
865 4
877 4
858 4
899 4
838 4
872 4
812 4
812 4
812 4
778 4
771 4
804 5
637 5
613 6
389 6
383 7
210 7
210 7
212 7
198 7
169 7
169 7
182 7
947 4
903 4
910 4
893 4
865 4
880 4
881 4
885 4
669 5
657 5
614 5
621 5
464 6
487 6
432 6
427 6
371 6
387 6
312 6
308 6
296 6
296 6
248 6
204 6
239 6
197 6
186 6
196 6
196 6
146 6
157 6
146 6
125 6
146 6
146 6
146 6
137 6
115 6
115 6
137 6
137 6
128 6
128 6
115 6
117 6
117 6
71 6
71 6
59 6
59 6
68 6
80 6
47 6
47 6
80 6
80 6
59 6
59 6
44 6
59 6
59 6
47 6
59 6
59 6
59 6
59 6
35 6
59 6
47 6
44 6
44 6
35 6
35 6
59 6
59 6
29 6
41 6
41 6
41 6
29 6
29 6
41 6
41 6
41 6
41 6
20 6
20 6
29 6
29 6
29 6
29 6
29 6
29 6
29 6
20 6
20 6
29 6
29 6
29 6
29 6
20 6
29 6
29 6
20 6
29 6
29 6
29 6
29 6
29 6
29 6
29 6
947 4
903 4
910 4
893 4
865 4
880 4
887 4
896 4
830 4
867 4
807 4
807 4
793 4
773 4
769 4
802 5
635 5
611 6
369 6
381 7
231 7
231 7
262 7
226 7
202 7
164 7
177 7
141 7
161 7
98 7
122 7
86 7
86 7
110 7
110 7
86 7
86 7
110 7
86 7
76 7
84 7
36 7
36 7
51 7
75 7
35 7
35 7
35 7
30 7
30 7
30 7
30 7
20 7
20 7
20 7
938 4
733 5
728 5
718 5
688 5
642 5
602 5
672 5
634 5
599 5
611 5
537 5
549 5
480 5
500 6
238 6
273 6
263 6
253 6
181 6
174 6
202 6
180 6
169 6
145 6
145 6
172 6
144 6
136 6
151 6
123 6
112 6
123 6
123 6
123 6
947 4
903 4
910 4
893 4
865 4
880 4
881 4
885 4
669 5
657 5
614 5
621 5
464 6
487 6
432 6
427 6
371 6
387 6
312 6
308 6
296 6
296 6
248 6
204 6
239 6
197 6
186 6
196 6
196 6
146 6
157 6
146 6
125 6
146 6
146 6
137 6
128 6
115 6
115 6
137 6
137 6
128 6
128 6
126 6
128 6
128 6
97 6
97 6
85 6
85 6
85 6
96 6
85 6
85 6
85 6
85 6
96 6
85 6
70 6
85 6
85 6
74 6
73 6
73 6
73 6
62 6
61 6
61 6
62 6
58 6
58 6
947 4
938 4
733 5
728 5
718 5
688 5
663 5
623 5
672 5
634 5
602 5
618 5
544 5
556 5
357 6
350 6
353 6
339 6
312 6
351 6
389 6
362 6
340 6
301 6
289 6
282 6
301 6
253 6
262 6
254 6
254 6
251 6
243 6
234 6
225 6
192 6
208 6
208 6
199 6
152 6
168 6
134 6
123 6
141 6
143 6
134 6
139 6
159 6
159 6
150 6
112 6
112 6
96 6
78 6
58 6
58 6
30 6
48 6
48 6
48 6
30 6
30 6
38 6
25 6
43 6
43 6
33 6
43 6
43 6
33 6
20 6
33 6
33 6
20 6
20 
947 4
903 4
910 4
893 4
865 4
880 4
858 4
899 4
838 4
872 4
812 4
812 4
798 4
778 4
774 4
807 5
640 5
616 6
374 6
386 6
338 6
332 6
323 6
316 6
357 6
274 6
265 6
289 6
274 6
253 6
274 6
227 6
221 6
197 6
224 6
195 6
188 6
193 6
184 6
158 6
146 6
99 6
129 6
123 6
96 6
96 6
105 6
96 6
120 6
111 6
947 4
903 4
910 4
893 4
862 4
877 4
858 4
899 4
838 4
872 4
812 4
829 4
816 4
782 4
771 4
802 5
639 5
623 5
588 5
580 6
371 6
364 6
286 6
211 6
242 6
241 6
230 6
240 6
225 6
208 6
230 6
213 6
213 6
221 6
221 6
206 6
201 6
190 6
190 6
186 6
157 6
189 6
189 6
149 6
174 6
174 6
163 6
134 6
154 6
154 6
98 6
107 6
134 6
134 6
122 6
122 6
98 6
76 6
96 6
96 6
119 6
107 6
108 6
108 6
83 6
83 6
84 6
92 6
92 6
83 6
83 6
92 6
92 6
81 6
81 6
70 6
70 6
70 6
70 6
70 6
70 6
70 6
70 6
959 4
689 6
689 6
419 8
419 8
149 10
149 10
149 10
149 10
149 10
149 10
149 10
149 10
149 10
149 10
149 10
149 10
149 10
149 10
149 10
149 10
149 10
149 10
959 4
689 6
689 6
419 8
419 8
149 10
149 10
149 10
149 10
149 10